 
ans =

  1.0e+004 *

  -0.00023477521352   0.00003128962114
   0.00098397568831   0.00009441305248
   8.93350000000000   1.54147681623825
   0.00895500000000   0.00155233435330
   0.10500000000000   0.00352136337233
   0.07600000000000   0.00352136337233
   0.14000000000000   0.01643302907088
   1.00740000000000   0.00642648815451



  -1.04213420158613   0.14390757196370   1.00717693234793
  -0.71439318151865   0.30538234173567   0.81517574996963
  -1.05640901169954                  0   1.05640901169954
  -1.05640901169954  -0.00000000000000   1.05640901169954
  -1.05640901169954                  0   1.05640901169954
  -1.05640901169954                  0   1.05640901169954
  -1.05640901169954   0.00000000000000   1.05640901169954
  -1.05640901169951   0.00000000000003   1.05640901169957

s0 =  3.4814e-010

lambda =  1.1923e-005

MSE = 0.1112

[J0',beta,std0]

ans =

    1.0000    4.0864    0.0001
    2.0000    0.6289    0.0000
    7.0000   -0.1238    0.0000
    6.0000    0.1231    0.0000
    8.0000   -0.1179    0.0000
   37.0000    0.0165    0.0000
   43.0000    0.0067    0.0000
   61.0000   -0.0174    0.0002
   36.0000   -0.0095    0.0000
   40.0000   -0.0072    0.0000
   13.0000    0.0024    0.0000
   41.0000   -0.0011    0.0000
   60.0000    0.0275    0.0002
   58.0000   -0.0127    0.0002
   47.0000   -0.0007    0.0000
   33.0000    0.0007    0.0000
   11.0000    0.0005    0.0000
   48.0000    0.0021    0.0000
   19.0000   -0.0005    0.0000
    5.0000    0.0010    0.0000
   49.0000   -0.0004    0.0000
    4.0000   -0.0041    0.0000
   54.0000   -0.0002    0.0000
   62.0000   -0.0014    0.0001
   59.0000    0.0014    0.0002
   38.0000    0.0000    0.0000
   34.0000         0         0
 

 

    1.0000    4.0864
    2.0000    0.6289
    7.0000   -0.1238
    6.0000    0.1231
    8.0000   -0.1179
   37.0000    0.0165
   43.0000    0.0067
   61.0000   -0.0174
   36.0000   -0.0095
   40.0000   -0.0072
   13.0000    0.0024
   41.0000   -0.0011
   60.0000    0.0275
   58.0000   -0.0127
   47.0000   -0.0007
   33.0000    0.0007
   11.0000    0.0005
   48.0000    0.0021
   19.0000   -0.0005
    5.0000    0.0010
   49.0000   -0.0004
    4.0000   -0.0041
   54.0000   -0.0002
   62.0000   -0.0014
   59.0000    0.0014
   38.0000    0.000035
 