function data=mmy
%This data set consists of the uniform design point and output for the example
% anaylzed by 
% Worley, B. A. (1987). Deterministic uncertainty analysis, ORNL--0628, available from
%  National Technical Information Service, 5285 Port Roayl Road, Springfield, VA 22161, USA.
% An, J. and Owen, A. (1999). Quasi-regression, {\it J. Complexity}, in press.
% Morris, M. D., Mitchell, T. J. and Ylvisaker, D. (1993). Bayesian design and analysis 
%   of computer experiments: use of derivatives in surface prediction, {\it Technometrics}, {\bf 35}, 243-255.
%
% Col. 1: # of run
% Col. 2: r_w
% Col. 3: r
% Col. 4: T_u
% Col. 5: T_l
% Col. 6: H_u
% Col. 7: H_l
% Col. 8: L
% Col. 9: K_w
% Col. 10: Y (the output)

data=[1 0.05   33366.67   63070  116.00  1110.00  768.57  1200  11732.14   26.18;
2 0.05   100.00   80580   80.73  1092.86  802.86  1600  10167.86   14.46;
3 0.06   100.00   98090   80.73  1058.57  717.14  1680  11106.43   22.75;
4 0.06   33366.67   98090   98.37  1110.00  734.29  1280  10480.71   30.98;
5 0.06   100.00  115600   80.73  1075.71  751.43  1600  11106.43   28.33;
6 0.06   16733.33   80580   80.73  1058.57  785.71  1680  12045.00   24.60;
7 0.07   33366.67   63070   98.37  1092.86  768.57  1200  11732.14   48.65;
8 0.07   16733.33  115600  116.00   990.00  700.00  1360  10793.57   35.36;
9 0.08   100.00  115600   80.73  1075.71  751.43  1520  10793.57   42.44;
10 0.08   16733.33   80580   80.73  1075.71  802.86  1120   9855.00   44.16;
11 0.08   50000.00   98090   63.10  1041.43  717.14  1600  10793.57   47.49;
12 0.08   50000.00  115600   63.10  1007.14  768.57  1440  11419.29   41.04;
13 0.09   16733.33   63070  116.00  1075.71  751.43  1120  11419.29   83.77;
14 0.09   33366.67  115600  116.00  1007.14  717.14  1360  11106.43   60.05;
15 0.10   50000.00   80580   63.10  1024.29  820.00  1360   9855.00   43.15;
16 0.10   16733.33   80580   98.37  1058.57  700.00  1120  10480.71   97.98;
17 0.10   50000.00   80580   63.10  1024.29  700.00  1520  10480.71   74.44;
18 0.10   16733.33   80580   98.37  1058.57  820.00  1120  10167.86   72.23;
19 0.11  50000.00   98090   63.10  1024.29  717.14  1520  10793.57   82.18;
20 0.11  100.00   63070   98.37  1041.43  802.86  1600  12045.00   68.06;
21 0.12  33366.67   63070  116.00   990.00  785.71  1280  12045.00   81.63;
22 0.12  100.00   98090   98.37  1092.86  802.86  1680   9855.00   72.54;
23 0.12  16733.33  115600   80.73  1092.86  734.29  1200  11419.29  161.35;
24 0.12  16733.33   63070   63.10  1041.43  785.71  1680  12045.00   86.73;
25 0.13  33366.67   80580  116.00  1110.00  768.57  1280  11732.14  164.78;
26 0.13  100.00   98090   98.37  1110.00  820.00  1280  10167.86  121.76;
27 0.14  50000.00   98090   63.10  1007.14  820.00  1440  10167.86   76.51;
28 0.14  33366.67   98090  116.00  1024.29  700.00  1200  10480.71  164.75;
29 0.14  50000.00   63070  116.00   990.00  785.71  1440   9855.00   89.54;
30 0.14  50000.00  115600   63.10  1007.14  734.29  1440  11732.14  141.09;
31 0.15  33366.67   63070   98.37   990.00  751.43  1360  11419.29  139.94;
32 0.15  100.00  115600   80.73  1041.43  734.29  1520  11106.43  157.59];