 [J0',beta,std0]

ans =

    1.0000    4.2383    0.0201
    2.0000    0.6635    0.0099
    8.0000   -0.1171    0.0096
   51.0000   -0.0641    0.0050
    6.0000    0.1714    0.0139
    9.0000    0.1095    0.0153
   40.0000    0.0577    0.0156
   37.0000    0.0354    0.0110
   30.0000    0.0316    0.0128
   34.0000         0         0
   60.0000   -0.3435    0.1280
   23.0000    0.0353    0.0120
   24.0000         0         0

diary off
