J0

J0 =

  Columns 1 through 12 

     1     2     7     6     8    37    43    61    36    40    13    41

  Columns 13 through 24 

    60    58    47    33    11    48    19     5    49     4    54    62

  Columns 25 through 27 

    59    38    34

beta'

ans =

  Columns 1 through 7 

    4.0864    0.6289   -0.1238    0.1231   -0.1179    0.0165    0.0067

  Columns 8 through 14 

   -0.0174   -0.0095   -0.0072    0.0024   -0.0011    0.0275   -0.0127

  Columns 15 through 21 

   -0.0007    0.0007    0.0005    0.0021   -0.0005    0.0010   -0.0004

  Columns 22 through 27 

   -0.0041   -0.0002   -0.0014    0.0014    0.0000         0

eval( 'if exist(''length'',''var''), mauifunc(length), end', '');
eval( 'if exist(''ones'',''var''), mauifunc(ones), end', '');
eval( 'if exist(''a2'',''var''), mauifunc(a2), end', '');
         0    0.4105
    0.6363    0.1449
         0         0
         0         0
         0         0
         0         0
         0    0.0102
    0.9208         0
         0    0.2689
    0.0245    0.2252
         0         0
    1.0764         0
    0.2899    0.0770
    1.2401    0.3618
    0.0657         0
    0.1247         0
    0.0028         0
    0.1999    0.5110
         0         0
    0.3934         0
         0    0.4602
         0    0.1837
         0         0
         0    0.0492
         0    0.1091
    1.4112         0
         0         0
    0.5092    0.0267
    1.5891    0.0012
    0.7738    0.3146

eval( 'if exist(''a2'',''var''), mauifunc(a2), end', '');
         0    0.4105
    0.6363    0.1449
         0         0
         0         0
         0         0
         0         0
         0    0.0102
    0.9208         0
         0    0.2689
    0.0245    0.2252
         0         0
    1.0764         0
    0.2899    0.0770
    1.2401    0.3618
    0.0657         0
    0.1247         0
    0.0028         0
    0.1999    0.5110
         0         0
    0.3934         0
         0    0.4602
         0    0.1837
         0         0
         0    0.0492
         0    0.1091
    1.4112         0
         0         0
    0.5092    0.0267
    1.5891    0.0012
    0.7738    0.3146

mx

mx =

  1.0e+004 *

  Columns 1 through 7 

   -0.0002    0.0010    8.9335    0.0090    0.1050    0.0760    0.1400

  Column 8 

    1.0074

std
??? Input argument 'x' is undefined.

Error in ==> D:\matlab\toolbox\matlab\datafun\std.m
On line 32  ==>   dim = min(find(size(x)~=1));

stdx

stdx =

  1.0e+004 *

  Columns 1 through 7 

    0.0000    0.0001    1.5415    0.0016    0.0035    0.0035    0.0164

  Column 8 

    0.0064

format long
mx

mx =

  1.0e+004 *

  Columns 1 through 4 

  -0.00023477521352   0.00098397568831   8.93350000000000   0.00895500000000

  Columns 5 through 8 

   0.10500000000000   0.07600000000000   0.14000000000000   1.00740000000000

std
??? Input argument 'x' is undefined.

Error in ==> D:\matlab\toolbox\matlab\datafun\std.m
On line 32  ==>   dim = min(find(size(x)~=1));

stdx

stdx =

  1.0e+004 *

  Columns 1 through 4 

   0.00003128962114   0.00009441305248   1.54147681623825   0.00155233435330

  Columns 5 through 8 

   0.00352136337233   0.00352136337233   0.01643302907088   0.00642648815451

q1

q1 =

  Columns 1 through 4 

  -1.04213420158613  -0.71439318151865  -1.05640901169954  -1.05640901169954

  Columns 5 through 8 

  -1.05640901169954  -1.05640901169954  -1.05640901169954  -1.05640901169951

eval( 'if exist(''y'',''var''), mauifunc(y), end', '');
   3.43024261585429
   4.83853304779557
   3.94361091477015
   3.80011527685782
   2.86965154549772
   3.70625570234391
   3.73747775387346
   4.98914450822455
   3.39478703001165
   4.30945195403028
   3.39525755971820
   4.75953301721620
   4.62235751541056
   5.04299410945747
   4.53558254619359
   4.36396204232180
   4.01605966794552
   4.62229300977615
   4.04149717405738
   4.39139548010517
   3.54392639488404
   4.17690157119393
   3.18674413884931
   3.30703913792362
   2.60690352855734
   5.10972350692930
   4.18715453355902
   4.49129144765008
   4.45733948892948
   4.49758376589826

eval( 'if exist(''length'',''var''), mauifunc(length), end', '');
eval( 'if exist(''a1'',''var''), mauifunc(a1), end', '');
  Columns 1 through 4 

                  0   2.75706150954570   0.59664516129032   4.56051612903226
   3.93526261615357   1.96108267027315   1.79664516129032   0.29729032258064
   1.04561876630755   0.01963948878099   0.29729032258065   6.13212903225806
   0.62413145950644   0.82670647156932   7.30890322580645                  0
                  0   0.17807826245970   2.11406451612903                  0
                  0                  0   0.99922580645161   0.99922580645161
   0.29076760567625   1.25647363358202   4.56051612903226   5.58245161290322
   4.60361810676256   0.54792469797058   0.04180645161290                  0
   0.01482876381106   2.36659643242919   4.08825806451613   0.00825806451613
   1.80208217001506   2.23307064968933                  0   3.22116129032258
   0.07132573976464   0.68574026540455   2.82632258064516   2.82632258064516
   4.94421099243662   0.41523686418717   0.18632258064516   1.79664516129032
   2.97381960683671   1.68291778574542   0.00825806451613   5.05858064516129
   5.28841668945125   2.62859465665643   0.43406451612903                  0
   2.08022364475741   0.08434078294683   6.70761290322581   0.78503225806452
   2.36898999355639                  0                  0                  0
   1.53589548570779                  0   0.78503225806452   0.43406451612903
   2.66720377141445   3.00898333934911   2.45729032258065   1.23922580645161
   0.16487249800501   0.96943259769860                  0   0.04180645161290
   3.28790696338102                  0   5.05858064516129   0.10116129032258
   0.44500063631717   2.88385200267271                  0   0.59664516129032
   1.28317023321773   2.09788566559576   3.22116129032258                  0
                  0                  0                  0   3.64180645161290
                  0   1.54179458421034   5.58245161290322   2.11406451612903
                  0   1.82272737818151   0.10116129032258   0.18632258064516
   5.63579764329990                  0   3.64180645161290   4.08825806451613
   0.82519398734880   0.29053970045630   1.50503225806452   7.30890322580645
   3.60863550467282   1.39955528739103                  0   2.45729032258064
   5.98595825125793   1.11292659882501   1.23922580645161   1.50503225806452
   4.26712272244526   2.49844051340277   6.13212903225806   6.70761290322580

