 mu_est

mu_est =

    1.4464    0.9799    1.1120    0.9898    0.5582

100*ga_est

ans =

    8.4729
    9.3003
    0.0000
    0.0000
    3.2912
    2.7130
    0.0000
   14.5859
    4.2431
    0.0000
    0.0000
    0.0000
   17.3692
    0.0000
    0.0000
    0.0000
   79.1475
   63.7816

beta_est

beta_est =

    0.0248   -0.0446   -0.0620    0.0923   -0.0014
   -0.0296    0.0089   -0.0939    0.0128    0.1017
   -0.0036    0.0208    0.0171    0.0219   -0.0130
    0.0192   -0.0462    0.0506   -0.0532   -0.0194
   -0.0634   -0.0368    0.0284   -0.0040   -0.0112
   -0.0582   -0.0119    0.0591    0.1108   -0.1575
    0.1153   -0.0128   -0.0962   -0.1431    0.2126
    0.0763   -0.0256   -0.0466    0.1263   -0.0724
   -0.0012   -0.0230   -0.0018    0.0212   -0.1147
   -0.0416    0.0093    0.1288    0.1265   -0.1265
    0.0033   -0.0018   -0.0223   -0.1519    0.0655
   -0.0469   -0.0200    0.0360   -0.0191   -0.0331
   -0.1249    0.0650   -0.1156    0.0994   -0.1804
    0.0167    0.0225   -0.0119    0.0261    0.0885
    0.0757   -0.0389   -0.0173   -0.0528    0.1193
   -0.0215    0.0062   -0.0342   -0.1243   -0.0447
   -0.0221    0.0056    0.0394   -0.0261   -0.1611
    0.0444   -0.0230   -0.0520    0.1578   -0.1833
   -0.0197   -0.0215    0.0985   -0.0978    0.1010
   -0.0393    0.0449   -0.1080    0.0679    0.0357
    0.0532   -0.0102   -0.0112   -0.0512   -0.0156
    0.0384   -0.0149   -0.0499   -0.0760    0.1393
    0.0252   -0.0194    0.0059    0.0462   -0.0372
   -0.0181   -0.0060    0.0681   -0.1647    0.0633
   -0.0567    0.0191    0.0407    0.0355   -0.0199
    0.0604   -0.0173    0.1429   -0.1288    0.1103
    0.0317    0.0405   -0.0105    0.0006   -0.0155
    0.0975   -0.0076   -0.0793    0.0084    0.1406
   -0.0562    0.0866    0.0434    0.0442    0.0909
   -0.0790    0.0521    0.0538    0.0951   -0.0617

 

1000*Psi2_est

ans =

    1.5470   -0.5139   -0.5969   -0.0640    0.4787
   -0.5139    0.6829   -0.1786    0.2182    0.2455
   -0.5969   -0.1786    3.1579   -1.6537   -0.1561
   -0.0640    0.2182   -1.6537    4.8234   -2.1072
    0.4787    0.2455   -0.1561   -2.1072    5.4517

ell

ell =

  412.4453

step

step =

    31

diary off
