 
 f(:,1:4)=[
  -1.80763350561252   0.00000225623501   0.31988541533043  -0.00000469473122
  -1.80916686062174   0.00000222964540   0.32033288894011  -0.00000459472835
  -1.80866083134089   0.00000220248743   0.32057571966411  -0.00000449491707
  -1.80605736256937   0.00000217476169   0.32061167495964  -0.00000439529616
  -1.80130293940641   0.00000214646812   0.32043861613071  -0.00000429586571
  -1.79434891323837   0.00000211760698   0.32005450075193  -0.00000419662619
  -1.78515181498208   0.00000208817810   0.31945738503258  -0.00000409757762
  -1.77367365355961   0.00000205818099   0.31864542612368  -0.00000399871963
  -1.75988219759923   0.00000202761600   0.31761688436414  -0.00000390005228
  -1.74375123840957   0.00000199648344   0.31637012545471  -0.00000380157581
  -1.72526083233091   0.00000196478271   0.31490362257235  -0.00000370329011
  -1.70439752064058   0.00000193251428   0.31321595840838  -0.00000360519485
  -1.68115452527621   0.00000189967781   0.31130582713612  -0.00000350729044
  -1.65553191874469   0.00000186627366   0.30917203630030  -0.00000340957661
  -1.62753676670660   0.00000183230161   0.30681350863286  -0.00000331205389
  -1.59718324184512   0.00000179776158   0.30422928378231  -0.00000321472216
  -1.56449270778125   0.00000176265391   0.30141851996392  -0.00000311758065
  -1.52949377195030   0.00000172697814   0.29838049552596  -0.00000302062994
  -1.49222230651492   0.00000169073475   0.29511461042335  -0.00000292386986
  -1.45272143657900   0.00000165392351   0.29162038760617  -0.00000282730080
  -1.41104149513698   0.00000161654400   0.28789747431683  -0.00000273092250
  -1.36723994440685   0.00000157859746   0.28394564329015  -0.00000263473488
  -1.32138126337305   0.00000154008224   0.27976479386152  -0.00000253873783
  -1.27353680158895   0.00000150099919   0.27535495297708  -0.00000244293165
  -1.22378459949588   0.00000146134885   0.27071627610368  -0.00000234731634
  -1.17220917570845   0.00000142113046   0.26584904804049  -0.00000225189133
  -1.11890128196821   0.00000138034388   0.26075368362707  -0.00000215665742
  -1.06395762662442   0.00000133898966   0.25543072835203  -0.00000206161397
  -1.00748056776459   0.00000129706755   0.24988085885067  -0.00000196676175
  -0.94957777727985   0.00000125457743   0.24410488330257  -0.00000187209996
  -0.89036187737517   0.00000121151987   0.23810374172119  -0.00000177762870
  -0.82995005120473   0.00000116789406   0.23187850613427  -0.00000168334827
  -0.76846362951276   0.00000112370025   0.22543038065770  -0.00000158925890
  -0.70602765531734   0.00000107893909   0.21876070145806  -0.00000149536010
  -0.64277042883516   0.00000103360973   0.21187093660971  -0.00000140165204
  -0.57882303499812   0.00000098771255   0.20476268583552  -0.00000130813447
  -0.51431885602518   0.00000094124771   0.19743768014170  -0.00000121480832
  -0.44939307165081   0.00000089421498   0.18989778134118  -0.00000112167196
  -0.38418214967423   0.00000084661407   0.18214498146262  -0.00000102872709
  -0.31882332960621   0.00000079844560   0.17418140205380  -0.00000093597264
  -0.25345410222312   0.00000074970943   0.16600929336838  -0.00000084340886
  -0.18821168788311   0.00000070040526   0.15763103344792  -0.00000075103590
  -0.12323251649031   0.00000065053276   0.14904912708858  -0.00000065885375
  -0.05865171196805   0.00000060009275   0.14026620469985  -0.00000056686234
   0.00539741589510   0.00000054908542   0.13128502105673  -0.00000047506155
   0.06878386942639   0.00000049750941   0.12210845393810  -0.00000038345177
   0.13137944812838   0.00000044536604   0.11273950266172  -0.00000029203242
   0.19305921815661   0.00000039265471   0.10318128651276  -0.00000020080407
   0.25370196365128   0.00000033937507   0.09343704306115  -0.00000010976644
   0.31319061749280   0.00000028552827   0.08351012638477  -0.00000001891942
   0.37141266917034   0.00000023111336   0.07340400517684   0.00000007173686
   0.42826054762966   0.00000017613024   0.06312226076389   0.00000016220244
   0.48363197711802   0.00000012057978   0.05266858501557   0.00000025247747
   0.53743030424096   0.00000006446103   0.04204677815946   0.00000034256146
   0.58956479463669   0.00000000777472   0.03126074649826   0.00000043245456
   0.63995089788260  -0.00000004947937   0.02031450003381   0.00000052215699
   0.68851047946838  -0.00000010730155   0.00921214999660   0.00000061166921
   0.73517201888810  -0.00000016569157  -0.00204209371424   0.00000070099014
   0.77987077314203  -0.00000022464921  -0.01344392517957   0.00000079012016
   0.82254890516597  -0.00000028417479  -0.02498894519488   0.00000087906002
   0.86315557693866  -0.00000034426842  -0.03667266408755   0.00000096780870
   0.90164700726653  -0.00000040492949  -0.04849050461674   0.00000105636678
   0.93798649446151  -0.00000046615895  -0.06043780495123   0.00000114473400
   0.97214440436017  -0.00000052795610  -0.07250982172148   0.00000123291082
   1.00409812436951  -0.00000059032072  -0.08470173314748   0.00000132089639
   1.03383198442069  -0.00000065325378  -0.09700864223515   0.00000140869169
   1.06133714592603  -0.00000071675419  -0.10942558003649   0.00000149629609
   1.08661146003674  -0.00000078082250  -0.12194750898173   0.00000158370973
   1.10965929666505  -0.00000084545862  -0.13456932626566   0.00000167093238
   1.13049134592570  -0.00000091066313  -0.14728586729446   0.00000175796480
   1.14912439377288  -0.00000097643505  -0.16009190918531   0.00000184480596
   1.16558107379169  -0.00000104277494  -0.17298217432062   0.00000193145640
   1.17988959717420  -0.00000110968253  -0.18595133394740   0.00000201791682
   1.19208346305224  -0.00000117715837  -0.19899401182170   0.00000210418563
   1.20220115142277  -0.00000124520164  -0.21210478789363   0.00000219026440
   1.21028580097366  -0.00000131381264  -0.22527820203166   0.00000227615181
   1.21638487416477  -0.00000138299177  -0.23850875777961   0.00000236184867
   1.22054981194793  -0.00000145273894  -0.25179092614358   0.00000244735504
   1.22283568050938  -0.00000152305358  -0.26511914940577   0.00000253267061
   1.22330081242917  -0.00000159393619  -0.27848784496189   0.00000261779542
   1.22200644459596  -0.00000166538675  -0.29189140917978   0.00000270272928
   1.21901635519468  -0.00000173740507  -0.30532422126807   0.00000278747248
   1.21439650201198  -0.00000180999092  -0.31878064716434   0.00000287202493
   1.20821466422164  -0.00000188314507  -0.33225504342528   0.00000295638656
   1.20054008972945  -0.00000195686737  -0.34574176112356   0.00000304055772
   1.19144315004705  -0.00000203115700  -0.35923514974766   0.00000312453786
   1.18099500453849  -0.00000210601461  -0.37272956109651   0.00000320832736
   1.16926727576486  -0.00000218144012  -0.38621935316570   0.00000329192581
   1.15633173750210  -0.00000225743343  -0.39969889402840   0.00000337533432
   1.14226001686760  -0.00000233399426  -0.41316256569726   0.00000345855140
   1.12712331183365  -0.00000241112315  -0.42660476797095   0.00000354157781
   1.11099212523820  -0.00000248882020  -0.44001992226027   0.00000362441369
   1.09393601626133  -0.00000256708483  -0.45340247538753   0.00000370705868
   1.07602337013958  -0.00000264591723  -0.46674690335649   0.00000378951283
   1.05732118676202  -0.00000272531738  -0.48004771509355   0.00000387177658
   1.03789488858768  -0.00000280528557  -0.49329945614995   0.00000395384938
   1.01780814819490  -0.00000288582152  -0.50649671236827   0.00000403573075
   0.99712273559394  -0.00000296692546  -0.51963411350199   0.00000411742224
   0.97589838528418  -0.00000304859704  -0.53270633679468   0.00000419892268
   0.95419268290402  -0.00000313083646  -0.54570811050483   0.00000428023287
   0.93206097115531  -0.00000321364397  -0.55863421738191   0.00000436135196];
